FLT3:
LOCAL A,B,C

A = 12345678
B = -12345678
C = 12.345678
D = -12.345678
A = 0.00001234
A = 1234
A = -1234
A = $FF0
A = $FFFF
A = $2000
A = 1234.0
A = 1234
